SCHED_DEADLINE: 
browser-short.json
  web-Binder-display-5.log
    # Policy : SCHED_DEADLINE
    #idx     perf      run   period           start             end          rel_st      slack c_duration   c_period     wu_lat
       5    21428      408    22359      5375014584      5375036943           77326          0        300          0          0
  web-Dummy-display-4.log
    # Policy : SCHED_DEADLINE
    #idx     perf      run   period           start             end          rel_st      slack c_duration   c_period     wu_lat
       4     7142      117    23195      5375017997      5375041192           80740          0        100          0          0
  web-BrowserDisplay-3.log
    # Policy : SCHED_DEADLINE
    #idx     perf      run   period           start             end          rel_st      slack c_duration   c_period     wu_lat
       3    28571      526    16961      5375024286      5375041247           87029          0        400          0          0
  web-BrowserMain-0.log
    # Policy : SCHED_DEADLINE
    #idx     perf      run   period           start             end          rel_st      slack c_duration   c_period     wu_lat
       0   500000    13620    23132      5375012719      5375035851           75462          0       7000          0          0
       0   214285     3965     3993      5375035856      5375039849           98599          0       3000          0          0
       0   214285     3500     4705      5375039852      5375044557          102594          0       3000          0          0
       0   214285     8762     8809      5375044559      5375053368          107302          0       3000          0          0
       0   214285     3431     3626      5375053370      5375056996          116113          0       3000          0          0
       0   214285     3603     3667      5375056998      5375060665          119741          0       3000          0          0
       0   214285     3509     3571      5375060667      5375064238          123409          0       3000          0          0
       0   214285     3363     3414      5375064240      5375067654          126982          0       3000          0          0
       0   214285     8596     8644      5375067656      5375076300          130398          0       3000          0          0
       0   214285     3540     3587      5375076301      5375079888          139044          0       3000          0          0
       0   214285     3316     3371      5375079890      5375083261          142633          0       3000          0          0
       0   214285     3428     3479      5375083263      5375086742          146005          0       3000          0          0
       0   214285    11814    11864      5375086743      5375098607          149486          0       3000          0          0
       0   214285     3447     3504      5375098610      5375102113          161352          0       3000          0          0
       0   214285     3377     3444      5375102116      5375105560          164858          0       3000          0          0
       0   214285     3321     3374      5375105562      5375108936          168304          0       3000          0          0
       0   214285    10258    10311      5375108937      5375119249          171680          0       3000          0          0
       0   214285     3516     3584      5375119255      5375122839          181997          0       3000          0          0
       0   214285     3743     3806      5375122842      5375126648          185584          0       3000          0          0
       0   214285     3378     3423      5375126650      5375130073          189392          0       3000          0          0
       0   214285     3343     3402      5375130074      5375133476          192817          0       3000          0          0
       0   214285     3398     3446      5375133478      5375136924          196220          0       3000          0          0
       0   214285     3292     3335      5375136925      5375140260          199668          0       3000          0          0
       0   214285     3354     3398      5375140262      5375143659          203004          0       3000          0          0
       0   214285     3378     3425      5375143661      5375147086          206404          0       3000          0          0
       0   214285     3561    18725      5375147087      5375165812          209830          0       3000          0          0
       0   214285     3609     3666      5375165814      5375169480          228556          0       3000          0          0
       0   214285     3341     3385      5375169483      5375172868          232225          0       3000          0          0
       0   214285     3571     3618      5375172870      5375176487          235612          0       3000          0          0
       0   214285     3351     3416      5375176489      5375179905          239232          0       3000          0          0
       0   214285     3303     3347      5375179907      5375183254          242649          0       3000          0          0
       0   214285     3439     3486      5375183255      5375186741          245998          0       3000          0          0
       0   214285     3418     3468      5375186782      5375190250          249524          0       3000          0          0
       0   214285     3341     3387      5375190252      5375193638          252994          0       3000          0          0
       0   214285     3257     3299      5375193639      5375196938          256382          0       3000          0          0
       0   214285     3352     3396      5375196940      5375200336          259683          0       3000          0          0
       0   214285     3333     3376      5375200338      5375203714          263080          0       3000          0          0
       0   214285     3336     3379      5375203715      5375207094          266457          0       3000          0          0
       0   214285    16885    16934      5375207095      5375224029          269838          0       3000          0          0
       0   214285     3395     3463      5375224034      5375227497          286777          0       3000          0          0
       0   214285     3346     3415      5375227499      5375230914          290242          0       3000          0          0
       0   214285     3293     3338      5375230916      5375234254          293658          0       3000          0          0
       0   214285     3320     3365      5375234255      5375237620          296997          0       3000          0          0
       0   214285     3260     3307      5375237621      5375240929          300364          0       3000          0          0
       0   214285     3299     3344      5375240930      5375244274          303673          0       3000          0          0
       0   214285     3452     3497      5375244276      5375247773          307019          0       3000          0          0
       0   214285     3357     3410      5375247775      5375251185          310518          0       3000          0          0
       0   214285    12656    12714      5375251187      5375263901          313930          0       3000          0          0
       0   214285     3503     3560      5375263908      5375267468          326650          0       3000          0          0
       0   214285     3284     3285      5375267472      5375270757          330215          0       3000          0          0
       0   214285     3193     3193      5375270761      5375273954          333503          0       3000          0          0
  web-BrowserSub1-1.log
    # Policy : SCHED_DEADLINE
    #idx     perf      run   period           start             end          rel_st      slack c_duration   c_period     wu_lat
       1     7142      109    26538      5375009549      5375036086           72291          0        100          0          0
       1     7142      108     5196      5375036089      5375041285           98832          0        100          0          0
       1     7142      134     3530      5375041287      5375044817          104030          0        100          0          0
       1     7142      108     9035      5375044820      5375053855          107563          0        100          0          0
       1     7142      134     3487      5375053857      5375057344          116599          0        100          0          0
       1     7142      135     3671      5375057347      5375061018          120089          0        100          0          0
       1     7142      134     3555      5375061020      5375064575          123762          0        100          0          0
       1     7142      130     3402      5375064577      5375067979          127320          0        100          0          0
       1     7142      107     9408      5375067981      5375077389          130723          0        100          0          0
       1     7142      129     2841      5375077391      5375080231          140133          0        100          0          0
       1     7142      135     3315      5375080233      5375083548          142975          0        100          0          0
       1     7142      172     3466      5375083550      5375087016          146293          0        100          0          0
       1     7142      170    11890      5375087018      5375098908          149761          0        100          0          0
       1     7142      133     3498      5375098910      5375102408          161652          0        100          0          0
       1     7142      169     3443      5375102410      5375105853          165153          0        100          0          0
       1     7142      148     3360      5375105855      5375109215          168597          0        100          0          0
       1     7142      133    10331      5375109217      5375119548          171959          0        100          0          0
       1     7142      198     3653      5375119551      5375123205          182294          0        100          0          0
       1     7142      135     3683      5375123207      5375126889          185949          0        100          0          0
       1     7142      129     3490      5375126892      5375130382          189634          0        100          0          0
       1     7142      176     3407      5375130384      5375133791          193127          0        100          0          0
       1     7142      130     3348      5375133792      5375137141          196535          0        100          0          0
       1     7142      103     3349      5375137143      5375140492          199885          0        100          0          0
       1     7142      214     3506      5375140493      5375143999          203236          0        100          0          0
       1     7142      106    18448      5375144001      5375162449          206744          0        100          0          0
       1     7142      246     3810      5375162451      5375166261          225194          0        100          0          0
       1     7142      175     3505      5375166263      5375169768          229006          0        100          0          0
       1     7142      116     3420      5375169770      5375173189          232512          0        100          0          0
       1     7142      220     3698      5375173191      5375176889          235934          0        100          0          0
       1     7142      112     3281      5375176891      5375180173          239634          0        100          0          0
       1     7142      135     3351      5375180174      5375183526          242917          0        100          0          0
       1     7142      149     3621      5375183528      5375187149          246270          0        100          0          0
       1     7142      134     3363      5375187171      5375190534          249913          0        100          0          0
       1     7142      202     3453      5375190536      5375193989          253278          0        100          0          0
       1     7142      147     3232      5375193991      5375197223          256733          0        100          0          0
       1     7142      139     3382      5375197225      5375200607          259968          0        100          0          0
       1     7142      129     3472      5375200610      5375204082          263353          0        100          0          0
       1     7142      106     3234      5375204084      5375207318          266826          0        100          0          0
       1     7142      133    17027      5375207319      5375224346          270062          0        100          0          0
       1     7142      210     3529      5375224349      5375227878          287092          0        100          0          0
       1     7142      141     3356      5375227881      5375231237          290623          0        100          0          0
       1     7142      103     3316      5375231239      5375234555          293981          0        100          0          0
       1     7142      103     3364      5375234557      5375237921          297299          0        100          0          0
       1     7142      145     3314      5375237923      5375241236          300665          0        100          0          0
       1     7142      144     3390      5375241238      5375244628          303981          0        100          0          0
       1     7142      132     3447      5375244630      5375248077          307372          0        100          0          0
       1     7142      106     3374      5375248079      5375251452          310821          0        100          0          0
       1     7142      129    22982      5375251454      5375274436          314197          0        100          0          0
  web-BrowserSub2-2.log
    # Policy : SCHED_DEADLINE
    #idx     perf      run   period           start             end          rel_st      slack c_duration   c_period     wu_lat
       2     7142      107    20222      5375016169      5375036391           78911          0        100          0          0
       2     7142      108     4947      5375036393      5375041340           99136          0        100          0          0
       2     7142      134     3493      5375041343      5375044836          104085          0        100          0          0
       2     7142      108     8963      5375044839      5375053803          107582          0        100          0          0
       2     7142      134     3502      5375053805      5375057307          116548          0        100          0          0
       2     7142      108     3617      5375057309      5375060927          120052          0        100          0          0
       2     7142      107     3566      5375060928      5375064495          123671          0        100          0          0
       2     7142      130     3450      5375064497      5375067947          127239          0        100          0          0
       2     7142      107     9369      5375067949      5375077318          130691          0        100          0          0
       2     7142      259     2869      5375077320      5375080189          140062          0        100          0          0
       2     7142      220     3339      5375080191      5375083530          142933          0        100          0          0
       2     7142      261     3655      5375083532      5375087187          146275          0        100          0          0
       2     7142      133    11759      5375087189      5375098948          149931          0        100          0          0
       2     7142      129     3503      5375098951      5375102453          161693          0        100          0          0
       2     7142      133     3442      5375102455      5375105898          165198          0        100          0          0
       2     7142      129     3374      5375105900      5375109273          168642          0        100          0          0
       2     7142      213    10273      5375109275      5375119549          172018          0        100          0          0
       2     7142      107     3670      5375119551      5375123221          182293          0        100          0          0
       2     7142      135     3619      5375123223      5375126842          185965          0        100          0          0
       2     7142      252     3523      5375126844      5375130367          189586          0        100          0          0
       2     7142      108     3393      5375130369      5375133761          193111          0        100          0          0
       2     7142      114     3328      5375133764      5375137092          196506          0        100          0          0
       2     7142      252     3456      5375137094      5375140551          199837          0        100          0          0
       2     7142      234     3549      5375140552      5375144101          203295          0        100          0          0
       2     7142      132    18381      5375144103      5375162484          206846          0        100          0          0
       2     7142      133     3816      5375162486      5375166302          225229          0        100          0          0
       2     7142      107     3451      5375166304      5375169755          229046          0        100          0          0
       2     7142      267     3455      5375169757      5375173212          232499          0        100          0          0
       2     7142      108     3591      5375173214      5375176804          235956          0        100          0          0
       2     7142      261     3406      5375176806      5375180213          239549          0        100          0          0
       2     7142      120     3401      5375180214      5375183616          242957          0        100          0          0
       2     7142      116     3480      5375183618      5375187098          246360          0        100          0          0
       2     7142      197     3358      5375187124      5375190482          249867          0        100          0          0
       2     7142      247     3454      5375190484      5375193938          253226          0        100          0          0
       2     7142      234     3286      5375193940      5375197226          256683          0        100          0          0
       2     7142      214     3385      5375197228      5375200613          259971          0        100          0          0
       2     7142      129     3443      5375200615      5375204058          263357          0        100          0          0
       2     7142      106     3311      5375204059      5375207370          266802          0        100          0          0
       2     7142      133    17033      5375207372      5375224405          270114          0        100          0          0
       2     7142      172     3471      5375224408      5375227879          287150          0        100          0          0
       2     7142      146     3347      5375227881      5375231228          290623          0        100          0          0
       2     7142      129     3312      5375231230      5375234542          293972          0        100          0          0
       2     7142      204     3443      5375234544      5375237988          297287          0        100          0          0
       2     7142      117     3229      5375237990      5375241218          300732          0        100          0          0
       2     7142      129     3344      5375241220      5375244564          303963          0        100          0          0
       2     7142      111     3535      5375244566      5375248101          307308          0        100          0          0
       2     7142      133     3427      5375248103      5375251530          310846          0        100          0          0
       2     7142      129    22875      5375251533      5375274408          314275          0        100          0          0
  web-Display-8.log
    # Policy : SCHED_DEADLINE
    #idx     perf      run   period           start             end          rel_st      slack c_duration   c_period     wu_lat
       8  1142857    17945    57696      5375013989      5375071685           76732          0      16000          0          0
 web-Event-Browser-6.log
    NOTHING??
  web-Event-Display-7.log
    # Policy : SCHED_DEADLINE
    #idx     perf      run   period           start             end          rel_st      slack c_duration   c_period     wu_lat
       7     3571       59    37949      5375015690      5375053640           78433          0         50          0          0






    





















